-130.5,54.8 -130.0,55.3 -130.0,55.9 -131.7,56.6 -132.7,57.7 -133.4,58.4 -134.3,58.9 -134.9,59.3 -135.5,59.8 -136.5,59.5 -137.5,58.9 -138.3,59.6 -139.0,60.0 -140.0,60.3 -141.0,60.3 -141.0,66.0 -141.0,69.7
-117.1,32.5 -116.0,32.6 -114.7,32.7 -114.8,32.5 -113.3,32.0 -111.0,31.3 -109.0,31.3 -108.2,31.3 -108.2,31.8 -106.5,31.8 -106.1,31.4 -105.6,31.1 -105.0,30.6 -104.7,30.1 -104.5,29.6 -103.9,29.3 -103.1,29.0 -102.5,29.8 -101.7,29.8 -101.0,29.4 -100.5,28.7 -100.1,28.1 -99.5,27.5 -99.3,26.8 -99.0,26.4 -98.2,26.1 -97.5,25.8 -97.1,25.9
-90.1,13.7 -90.1,13.9 -89.7,14.1 -89.5,14.2 -89.6,14.4 -89.4,14.4
-92.2,14.5 -92.2,14.8 -92.1,15.1 -92.2,15.3 -91.7,16.1 -90.5,16.1 -90.4,16.4 -90.6,16.5 -90.7,16.7 -91.1,16.9 -91.5,17.3 -91.0,17.3 -91.0,17.8 -90.1,17.8 -89.1,17.8
-88.9,15.9 -89.2,15.9 -89.2,17.0 -89.1,17.8
-89.4,14.4 -89.1,14.3 -88.8,14.1 -88.5,14.0 -88.5,13.8 -88.1,14.0 -87.9,13.9 -87.7,13.8 -87.8,13.4
-87.3,13.0 -87.0,13.0 -86.9,13.3 -86.7,13.3 -86.8,13.8 -86.5,13.8 -86.3,13.8 -86.1,14.0 -85.8,13.8 -85.7,14.0 -85.5,14.1 -85.2,14.4 -85.1,14.6 -84.9,14.8 -84.8,14.8 -84.6,14.7 -84.4,14.6 -84.2,14.7 -84.0,14.7 -83.6,14.9 -83.5,15.0 -83.1,15.0
-83.0,8.2 -82.9,8.4 -82.8,8.6 -82.9,8.8 -82.7,8.9 -82.9,9.1 -82.9,9.5 -82.5,9.6
-83.7,10.9 -83.9,10.7 -84.2,10.8 -84.4,11.0 -84.7,11.1 -84.9,11.0 -85.6,11.2 -85.7,11.1
-77.4,8.7 -77.5,8.5 -77.2,7.9 -77.4,7.6 -77.8,7.7 -77.9,7.2
-71.3,11.8 -72.0,11.6 -72.2,11.1 -72.6,10.8 -72.9,10.5 -73.0,9.7 -73.3,9.2 -72.8,9.1 -72.7,8.6 -72.4,8.4 -72.4,8.0 -72.5,7.6 -72.4,7.4 -72.2,7.3 -72.0,7.0 -70.7,7.1 -70.1,7.0 -69.4,6.1 -69.0,6.2 -68.3,6.2 -67.7,6.3 -67.3,6.1 -67.5,5.6 -67.7,5.2 -67.8,4.5 -67.6,3.8 -67.3,3.5 -67.3,3.3 -67.8,2.8 -67.4,2.6 -67.2,2.3 -66.9,1.3
-75.4,-0.2 -75.2,-0.9 -75.5,-1.6 -76.6,-2.6 -77.8,-3.0 -78.5,-3.9 -78.6,-4.5 -79.2,-5.0 -79.6,-4.5 -80.0,-4.3 -80.4,-4.4 -80.5,-4.1 -80.2,-3.8 -80.3,-3.4
-69.5,-11.0 -70.1,-11.1 -70.5,-11.0 -70.5,-9.5 -71.3,-10.1 -72.2,-10.1 -72.6,-9.5 -73.2,-9.5 -73.0,-9.0 -73.6,-8.4 -74.0,-7.5 -73.7,-7.3 -73.7,-6.9 -73.1,-6.6 -73.2,-6.1 -73.0,-5.7 -72.9,-5.3 -71.7,-4.6 -70.9,-4.4 -70.8,-4.3 -69.9,-4.3
-67.0,-54.9 -67.6,-54.9 -68.6,-54.9 -68.6,-52.6
-68.6,-52.3 -69.5,-52.1 -71.9,-52.0 -72.3,-51.4 -72.3,-50.7 -73.0,-50.7 -73.3,-50.4 -73.4,-49.3 -72.6,-48.9 -72.3,-48.2 -72.4,-47.7 -71.9,-46.9 -71.6,-45.6 -71.7,-45.0 -71.2,-44.8 -71.3,-44.4 -71.8,-44.2 -71.5,-43.8 -71.9,-43.4 -72.1,-42.3 -71.7,-42.1 -71.9,-40.8 -71.7,-39.8 -71.4,-38.9 -70.8,-38.6 -71.1,-37.6 -71.1,-36.7 -70.4,-36.0 -70.4,-35.2 -69.8,-34.2 -69.8,-33.3 -70.1,-33.1 -70.5,-31.4 -69.9,-30.3 -70.0,-29.4 -69.7,-28.5 -69.0,-27.5 -68.3,-26.9 -68.6,-26.5 -68.4,-26.2 -68.4,-24.5 -67.3,-24.0 -67.0,-23.0 -67.1,-22.7
-58.4,-33.9 -58.3,-33.3 -58.1,-33.0 -58.1,-32.0 -57.9,-31.0 -57.6,-30.2
-54.6,-25.7 -54.8,-26.6 -55.7,-27.4 -56.5,-27.5 -57.6,-27.4 -58.6,-27.1 -57.6,-25.6 -57.8,-25.2 -58.8,-24.8 -60.0,-24.0 -60.8,-23.9 -62.7,-22.2
-58.2,-20.2 -57.9,-20.7 -57.9,-22.1 -56.9,-22.3 -56.5,-22.1 -55.8,-22.4 -55.6,-22.7 -55.5,-23.6 -55.4,-24.0 -55.0,-24.0 -54.7,-23.8 -54.3,-24.0 -54.3,-24.6 -54.4,-25.2 -54.6,-25.7
-59.8,8.4 -60.6,7.8 -60.6,7.4 -60.3,7.0 -60.5,6.9 -61.2,6.7 -61.1,6.2 -61.4,6.0 -60.7,5.2
-56.5,1.9 -56.8,1.9 -57.3,1.9 -57.7,1.7 -58.1,1.5 -58.4,1.5 -58.5,1.3 -59.0,1.3 -59.6,1.8 -59.7,2.2 -60.0,2.8 -59.8,3.6 -59.5,4.0 -59.8,4.4 -60.1,4.6 -60.0,5.0 -60.2,5.2 -60.7,5.2
-54.5,2.3 -55.1,2.5 -55.6,2.4 -56.0,2.5 -56.1,2.2 -55.9,2.0 -56.0,1.8 -56.5,1.9
-51.7,4.2 -52.2,3.2 -52.6,2.5 -52.9,2.1 -53.4,2.1 -53.6,2.3 -53.8,2.4 -54.1,2.1 -54.5,2.3
115.5,5.4 115.4,5.0 115.3,4.3 114.9,4.3 114.7,4.0 114.2,4.5
-6.2,53.9 -7.0,54.1 -7.6,54.1 -7.4,54.6 -7.6,55.1
-16.7,13.6 -15.6,13.6 -15.4,13.9 -15.1,13.9 -14.7,13.6 -14.4,13.6 -14.0,13.8 -13.8,13.5 -14.3,13.3 -14.7,13.3 -15.1,13.5 -15.5,13.3 -15.7,13.3 -15.9,13.1 -16.8,13.2
35.5,32.4 35.5,31.8 35.4,31.5
29.0,-29.0 29.3,-29.3 29.0,-29.7 28.8,-30.1 28.3,-30.2 28.1,-30.5 27.7,-30.6 27.0,-29.9 27.5,-29.2 28.1,-28.9 28.5,-28.6 29.0,-29.0
-8.7,27.7 -8.7,27.6 -8.7,27.4 -8.7,25.9 -12.0,25.9 -11.9,23.4 -12.9,23.3 -13.1,22.8 -12.9,21.3 -16.8,21.3 -17.1,21.0
-12.2,14.6 -12.1,14.0 -11.9,13.4 -11.6,13.1 -11.5,12.8 -11.5,12.4
-13.7,12.6 -13.7,12.2 -13.8,12.1 -13.7,11.8 -13.9,11.7 -14.1,11.7 -14.4,11.5 -14.7,11.5 -15.1,11.0
-11.5,12.4 -11.5,12.1 -11.3,12.1 -11.0,12.2 -10.9,12.2 -10.6,11.9 -10.2,11.8 -9.9,12.1 -9.6,12.2 -9.3,12.3 -9.1,12.3 -8.9,12.1 -8.8,11.8 -8.4,11.4 -8.6,11.1 -8.6,10.8 -8.4,10.9 -8.3,10.8 -8.3,10.5 -8.0,10.2
-11.4,6.8 -11.2,7.1 -11.1,7.4 -10.7,7.9 -10.2,8.4
-8.4,7.7 -8.5,7.4 -8.4,6.9 -8.6,6.5 -8.3,6.2 -8.0,6.1 -7.6,5.7 -7.5,5.3 -7.6,5.2 -7.7,4.4
8.4,36.9 8.2,36.4 8.4,35.5 8.1,34.7 7.5,34.1 7.6,33.3 8.4,32.7 8.4,32.5 9.1,32.1 9.5,30.3
11.5,33.1 11.4,32.4 10.9,32.1 10.6,31.8 10.0,31.4 10.1,31.0 10.0,30.5 9.5,30.3
25.2,31.6 24.8,31.1 25.0,30.7 24.7,30.0 25.0,29.2 25.0,25.7 25.0,22.0
4.3,19.2 4.3,16.9 3.7,16.2 3.6,15.6 2.8,15.4 1.4,15.3 1.0,15.0 0.4,14.9
0.4,14.9 0.3,14.4 0.4,14.0 1.0,13.3 1.0,12.9 2.2,12.6 2.2,11.9
-2.9,5.0 -2.8,5.4 -3.2,6.3 -3.0,7.4 -2.6,8.2 -2.8,9.6
1.1,5.9 0.8,6.3 0.6,6.9 0.5,7.4 0.7,8.3 0.5,8.7 0.4,9.5 0.4,10.2 -0.0,10.7 0.0,11.0
0.9,11.0 0.8,10.5 1.1,10.2 1.4,9.8 1.5,9.3 1.7,9.1 1.6,6.8 1.9,6.1
2.2,11.9 2.5,12.2 2.8,12.2 3.6,11.7
3.6,11.7 3.7,12.6 4.0,13.0 4.1,13.5 4.4,13.7 5.4,13.9 6.4,13.5 6.8,13.1 7.3,13.1 7.8,13.3 9.0,12.8 9.5,12.9 10.1,13.3 10.7,13.2 11.0,13.4 11.5,13.3 12.3,13.0 13.1,13.6 13.3,13.6
36.9,22.0 32.9,22.0 29.0,22.0 25.0,22.0
14.9,22.9 15.1,21.3 15.5,21.0 15.5,20.7 15.9,20.4 15.7,20.0 15.3,17.9 15.2,16.6 14.0,15.7 13.5,14.4 14.0,14.0 14.0,13.4 14.6,13.3 14.5,12.9
23.8,19.6 23.9,15.6 23.0,15.7 22.6,14.9 22.3,14.3 22.5,14.1 22.2,13.8 22.3,13.4 22.0,13.0 21.9,12.6 22.3,12.6 22.5,12.3 22.5,11.7 22.9,11.4 22.9,11.1
15.3,7.4 14.8,6.4 14.5,6.2 14.5,5.5 14.6,5.0 14.5,4.7 15.0,4.2 15.0,3.9 15.4,3.3 15.9,3.0 15.9,2.6 16.0,2.3
11.3,2.3 11.3,1.1 9.8,1.1 9.5,1.0
13.1,2.3 13.0,1.8 13.3,1.3 14.0,1.4 14.3,1.2 13.8,0.0 14.3,-0.6 14.4,-1.3 14.3,-2.0 14.0,-2.5 13.1,-2.4 12.6,-1.9 12.5,-2.4 11.8,-2.5 11.5,-2.8 11.9,-3.4 11.1,-4.0
16.0,2.3 16.5,3.2 17.1,3.7 17.8,3.6 18.5,3.5
22.9,11.1 23.0,10.7 23.6,10.1 23.6,9.7 23.4,9.3 23.5,9.0 23.8,8.7
36.4,14.4 37.6,14.2 37.9,15.0 38.5,14.5 39.1,14.7 39.3,14.5 40.0,14.5 40.9,14.1 41.2,13.8 41.6,13.5 42.0,12.9 42.4,12.5
29.6,-1.3 29.8,-1.4 30.4,-1.1
30.4,-1.1 30.8,-1.7 30.8,-2.3 30.5,-2.4
23.9,-10.9 24.0,-11.2 23.9,-11.7 24.1,-12.2 23.9,-12.6 24.0,-12.9 21.9,-12.9 21.9,-16.1 22.6,-16.9 23.2,-17.5
23.2,-17.5 24.0,-17.3 24.7,-17.4 25.1,-17.6 25.1,-17.7 24.9,-17.7
32.1,-26.7 31.9,-27.2 31.3,-27.3 30.7,-26.7 30.7,-26.4 30.9,-26.0 31.0,-25.7 31.3,-25.7 31.8,-25.8
25.3,-17.7 25.6,-18.5 25.9,-18.7 26.2,-19.3 27.3,-20.4 27.7,-20.5 27.7,-20.9 28.0,-21.5 28.8,-21.6 29.4,-22.1
30.3,-15.5 30.3,-15.9 31.2,-15.9 31.6,-16.1 31.9,-16.3 32.3,-16.4 32.8,-16.7 32.8,-18.0 32.7,-18.7 32.6,-19.4 32.8,-19.7 32.7,-20.3 32.5,-20.4 32.2,-21.1 31.2,-22.3
-9.0,41.9 -8.7,42.1 -8.3,42.3 -8.0,41.8 -7.4,41.8 -7.3,41.9 -6.7,41.9 -6.4,41.4 -6.9,41.1 -6.9,40.3 -7.0,40.2 -7.1,39.7 -7.5,39.6 -7.1,39.0 -7.4,38.4 -7.0,38.1 -7.2,37.8 -7.5,37.4 -7.5,37.1
3.0,42.5 1.8,42.3 0.7,42.8 0.3,42.6 -1.5,43.0 -1.9,43.4
9.9,55.0 9.3,54.8 8.5,55.0
6.2,49.5 6.7,49.2 8.1,49.0 7.6,48.3 7.5,47.6
14.1,53.8 14.4,53.2 14.1,53.0 14.4,52.6 14.7,52.1 14.6,51.7 15.0,51.1
9.6,47.5 9.6,47.3 9.5,47.1 9.9,46.9 10.4,46.9
10.4,46.9 11.0,46.8 11.2,46.9 12.2,47.1 12.4,46.8 13.8,46.5
19.7,54.4 20.9,54.3 22.7,54.3 23.2,54.2 23.5,53.9 23.5,53.5 23.8,53.1 23.8,52.7 23.2,52.5 23.5,52.0 23.5,51.6 24.0,50.7 23.9,50.4 23.4,50.3 22.5,49.5 22.8,49.0 22.6,49.1 21.6,49.5 20.9,49.3 20.4,49.4 19.8,49.2 19.3,49.6 18.9,49.4 18.9,49.5 18.4,50.0 17.6,50.0 17.6,50.4 16.9,50.5 16.7,50.2 16.2,50.4 16.2,50.7 15.5,50.8 15.0,51.1
24.3,57.8 25.2,58.0 25.6,57.8 26.5,57.5 27.3,57.5
28.0,59.5 28.1,59.3 27.4,58.7 27.7,57.8 27.3,57.5
28.2,56.2 29.2,55.9 29.4,55.7 29.9,55.8 30.9,55.6 31.0,55.1 30.8,54.8 31.4,54.2 31.8,54.0 31.7,53.8 32.4,53.6 32.7,53.4 32.3,53.1 31.5,53.2 31.3,53.1 31.5,52.7 31.8,52.1
6.9,53.5 7.1,53.1 6.8,52.2 6.6,51.9 6.0,51.9 6.2,50.8
6.0,50.1 6.2,49.9 6.2,49.5
21.3,55.2 22.3,55.0 22.8,54.9 22.7,54.6 22.7,54.3
21.1,56.0 22.2,56.3 23.9,56.3 24.9,56.4 25.0,56.2 25.5,56.1 26.5,55.6
18.9,49.5 18.6,49.5 18.4,49.3 18.2,49.3 18.1,49.0 17.9,49.0 17.9,48.9 17.5,48.8 17.1,48.8 17.0,48.6
17.0,48.6 16.9,48.5 17.0,48.1
22.1,48.4 22.6,48.2 22.7,47.9 22.1,47.7 21.6,47.0 21.0,46.3 20.2,46.1 19.6,46.2 18.8,45.9 18.5,45.8 17.6,46.0 16.9,46.4 16.6,46.5 16.4,46.8 16.2,46.9
18.5,42.5 18.6,42.7 17.7,43.0 17.3,43.4 16.9,43.7 16.5,44.0 16.2,44.4 15.8,44.8 16.0,45.2 16.3,45.0 16.5,45.2 17.0,45.2 17.9,45.1 18.6,45.1 19.0,44.9
22.6,49.1 22.3,48.8 22.1,48.4 21.9,48.3 20.8,48.6 20.5,48.6 20.2,48.3 19.8,48.2 19.7,48.3 19.2,48.1 18.8,48.1 18.7,47.9 17.9,47.8 17.5,47.9 17.0,48.1
16.6,46.5 15.8,46.2 15.7,45.8 15.3,45.7 15.3,45.5 14.9,45.5 14.6,45.6 14.4,45.5 13.7,45.5
26.6,48.2 26.9,48.1 27.2,47.8 27.6,47.4 28.1,46.8 28.2,46.4 28.1,45.9 28.2,45.5
28.6,43.7 28.0,43.8 27.2,44.2 26.1,43.9 25.6,43.7 24.1,43.7 23.3,43.9 22.9,43.8 22.7,44.2
22.7,44.2 22.4,44.0 22.5,43.6 23.0,43.2 22.6,42.9 22.4,42.6 22.5,42.5 22.4,42.3
22.7,47.9 23.1,48.1 23.8,48.0 24.4,48.0 24.9,47.7 25.2,47.9 25.9,48.0 26.2,48.2 26.6,48.2
31.8,52.1 32.2,52.1 32.4,52.3 32.7,52.2 33.8,52.3 34.4,51.8 34.1,51.6 34.2,51.3 35.0,51.2 35.4,50.8 35.4,50.6 36.6,50.2 37.4,50.4 38.0,49.9 38.6,49.9 40.1,49.6 40.1,49.3 39.7,48.8 39.9,48.2 39.7,47.9 38.8,47.8 38.3,47.5 38.2,47.1
28.0,42.0 27.1,42.1 26.1,41.8 26.1,41.3 25.2,41.2 24.5,41.6 23.7,41.3 23.0,41.3 22.9,42.0 22.4,42.3
23.0,41.3 22.8,41.3 22.6,41.1 22.1,41.1 21.7,40.9 21.0,40.8
26.1,41.8 26.6,41.6 26.3,40.9 26.1,40.8
21.0,40.8 21.0,40.6 20.7,40.4 20.6,40.1 20.2,39.6
41.6,41.5 42.6,41.6 43.6,41.1
40.0,43.4 40.1,43.6 40.9,43.4 42.4,43.2 43.8,42.7 43.9,42.6 44.5,42.7 45.5,42.5 45.8,42.1 46.4,41.9 46.1,41.7 46.6,41.2 46.5,41.1 46.0,41.1 45.2,41.4 45.0,41.2
28.6,69.1 28.4,68.4 30.0,67.7 29.1,66.9 30.2,65.8 29.5,64.9 30.4,64.2 30.0,63.6 31.5,62.9 31.1,62.4 30.2,61.8 28.1,60.5
35.4,31.5 35.4,31.1 34.9,29.5
48.0,30.0 47.3,30.1 46.6,29.1
48.6,29.9 48.0,30.5 48.0,31.0 47.7,31.0 47.8,31.7 47.3,32.5 46.1,33.0 45.4,34.0 45.6,34.7 46.2,35.1 46.1,35.7 45.4,36.0 44.8,37.2
53.9,37.2 54.8,37.4 55.5,38.0 56.2,37.9 56.6,38.1 57.3,38.0 58.4,37.5 59.2,37.4 60.4,36.5 61.1,36.5 61.2,35.7
53.1,16.7 52.8,17.3 52.0,19.0
42.8,16.3 43.2,16.7 43.1,17.1 43.4,17.6 43.8,17.3 44.1,17.4 45.2,17.4 45.4,17.3 46.4,17.2 46.8,17.3 47.0,17.0 47.5,17.1 48.2,18.2 49.1,18.6 52.0,19.0
20.6,69.1 22.0,68.6 23.5,67.9 23.6,66.4 23.9,66.0
48.4,28.6 47.7,28.5 47.5,29.0 46.6,29.1
51.4,24.6 51.1,24.6 50.8,24.8
56.4,24.9 55.9,24.9 55.8,24.3 56.0,24.1 55.5,23.9 55.5,23.5 55.2,23.1 55.2,22.7
49.1,46.4 48.6,46.6 48.7,47.1 48.1,47.7 47.3,47.7 46.5,48.4 47.0,49.2 46.8,49.4 47.5,50.5 48.6,49.9 48.7,50.6 50.8,51.7 52.3,51.7 54.5,51.0 55.7,50.6 56.8,51.0 58.4,51.1 59.6,50.5 59.9,50.8 61.3,50.8 61.6,51.3 60.0,52.0 60.9,52.4 60.7,52.7 61.7,53.0 61.0,53.7 61.4,54.0 65.2,54.4 65.7,54.6 68.2,55.0 69.1,55.4 70.9,55.2 71.2,54.1 72.2,54.4 73.5,54.0 73.4,53.5 74.4,53.5 76.9,54.5 76.5,54.2 77.8,53.4 80.0,50.9 80.6,51.4 81.9,50.8 83.4,51.1 83.9,50.9 84.4,50.3 85.1,50.1 85.5,49.7 86.8,49.8 87.4,49.2
71.0,42.3 71.3,42.2 70.4,41.5 71.2,41.1 71.9,41.4 73.1,40.9 71.8,40.1 71.0,40.2 70.6,40.2 70.5,40.5 70.7,41.0 69.3,40.7 69.0,40.1 68.5,39.5 67.7,39.6 67.4,39.1 68.2,38.9 68.4,38.2 67.8,37.1
66.5,37.4 66.2,37.4 65.7,37.7 65.6,37.3 64.7,37.1 64.5,36.3 64.0,36.0 63.2,35.9 63.0,35.4 62.2,35.3 61.2,35.7
67.8,37.1 68.1,37.0 68.9,37.3 69.2,37.2 69.5,37.6 70.1,37.6 70.3,37.7 70.4,38.1 70.8,38.5 71.3,38.3 71.2,38.0 71.5,37.9 71.4,37.1 71.8,36.7 72.2,36.9 72.6,37.0 73.3,37.5 73.9,37.4 75.0,37.4
80.3,42.4 80.1,42.1 78.5,41.6 78.2,41.2 76.9,41.1 76.5,40.4 75.5,40.6 74.8,40.4 73.8,39.9 74.0,39.7 73.7,39.4
73.7,39.4 73.9,38.5 74.3,38.6 74.9,38.4 74.8,38.0 75.0,37.4
97.3,28.3 97.4,27.9 97.1,27.7 97.1,27.1 96.4,27.3 95.1,26.6 95.2,26.0 94.6,25.2 94.6,24.7 94.1,23.9 93.3,24.1 93.3,23.0 93.1,22.7 93.2,22.3 92.7,22.0
88.1,27.9 87.0,28.0 85.8,28.2 85.0,28.6 84.2,28.8 83.9,29.3 83.3,29.5 82.3,30.1 81.5,30.4 81.1,30.2
88.8,27.3 89.5,28.0 90.0,28.3 90.7,28.1 91.3,28.0 91.7,27.8
92.4,20.7 92.3,21.5 92.7,21.3 92.7,22.0
97.3,28.3 97.9,28.3 98.2,27.7 98.7,27.5 98.7,26.7 98.7,25.9 97.7,25.1 97.6,23.9 98.7,24.1 98.9,23.1 99.5,22.9 99.2,22.1 100.0,21.7 100.4,21.6 101.2,21.9 101.2,21.4
100.1,20.4 100.5,20.1 100.6,19.5 101.3,19.5 101.0,18.4 101.1,17.5 102.1,18.1 102.4,17.9 103.0,18.0 103.2,18.3 104.0,18.2 104.7,17.4 104.8,16.4 105.6,15.6 105.5,14.7 105.2,14.3 104.3,14.4 103.0,14.2 102.3,13.4 102.6,12.2
101.2,21.4 101.3,21.2 101.8,21.2 101.7,22.3 102.2,22.5
107.4,14.2 107.6,13.5 107.5,12.3 105.8,11.6 106.2,11.0 105.2,10.9 104.3,10.5
102.2,22.5 102.7,22.7 103.5,22.7 104.5,22.8 105.3,23.4 105.8,23.0 106.7,22.8 106.6,22.2 107.0,21.8 108.1,21.6
102.1,6.2 101.8,5.8 101.2,5.7 101.1,6.2 100.3,6.6 100.1,6.5
117.9,4.1 117.0,4.3 115.9,4.3 115.5,3.2 115.1,2.8 114.6,1.4 113.8,1.2 112.9,1.5 112.4,1.4 111.8,0.9 111.2,1.0 110.5,0.8 109.8,1.3 109.7,2.0
87.8,49.3 88.8,49.5 90.7,50.3 92.2,50.8 93.1,50.5 94.1,50.5 94.8,50.0 95.8,50.0 97.3,49.7 98.2,50.4 97.8,51.0 98.9,52.0 100.0,51.6 100.9,51.5 102.1,51.3 102.3,50.5 103.7,50.1 104.6,50.3 105.9,50.4 106.9,50.3 107.9,49.8 108.5,49.3 109.4,49.3 110.7,49.1 111.6,49.4 112.9,49.5 114.4,50.2 115.0,50.1 115.5,49.8 116.7,49.9
124.3,39.9 125.1,40.6 126.2,41.1 126.9,41.8 127.3,41.5 128.2,41.5 128.1,42.0 129.6,42.4 130.0,43.0 130.6,42.4
128.3,38.6 128.2,38.4 127.8,38.3 127.1,38.3 126.7,37.8 126.2,37.8 126.2,37.7
125.0,-8.9 125.1,-9.1 125.1,-9.4
141.0,-2.6 141.0,-5.9 141.0,-9.1
11.9,-5.0 12.3,-4.6 12.6,-4.4 13.0,-4.8
19.0,44.9 19.4,44.9 19.1,44.4 19.6,44.0 19.5,43.6 19.2,43.5
48.6,41.8 48.0,41.4 47.8,41.2 47.4,41.2 46.7,41.8 46.4,41.9
42.3,37.2 41.8,36.6 41.3,36.4 41.4,35.6 41.0,34.4 38.8,33.4
32.7,35.1 32.9,35.1 33.2,35.2 33.4,35.2 33.5,35.1 33.5,35.0 33.7,35.0 33.9,35.1 34.0,35.1
19.2,43.5 19.5,43.4 19.6,43.2 20.0,43.1 20.3,42.9 20.3,42.8
45.0,41.2 45.2,41.0 45.6,40.8 45.4,40.6 45.9,40.2 45.6,39.9 46.0,39.6 46.5,39.5 46.5,38.8
-122.8,49.0 -120.0,49.0 -117.0,49.0 -116.0,49.0 -113.0,49.0 -110.1,49.0 -107.1,49.0 -104.0,49.0 -100.7,49.0 -97.2,49.0 -95.2,49.0 -95.2,49.4 -94.8,49.4 -94.6,48.8 -94.3,48.7 -93.6,48.6 -92.6,48.5 -91.6,48.1 -90.8,48.3 -89.6,48.0 -89.3,48.0 -88.4,48.3 -87.4,47.9 -86.5,47.6 -85.7,47.2 -84.9,46.9 -84.8,46.6 -84.5,46.5 -84.6,46.4 -84.3,46.4 -84.1,46.5 -84.1,46.3 -83.9,46.1 -83.6,46.1 -83.5,46.0 -83.6,45.8 -82.6,45.3 -82.3,44.4 -82.1,43.6 -82.4,43.0 -82.9,42.4 -83.1,42.1 -83.1,42.0 -83.0,41.8 -82.7,41.7 -82.4,41.7 -81.3,42.2 -80.2,42.4 -78.9,42.9 -78.9,43.0 -79.0,43.3 -79.2,43.5 -78.7,43.6 -77.7,43.6 -76.8,43.6 -76.5,44.0 -76.4,44.1 -75.3,44.8 -74.9,45.0 -73.3,45.0 -71.5,45.0 -71.4,45.3 -71.1,45.3 -70.7,45.5 -70.3,45.9 -70.0,46.7 -69.2,47.4 -68.9,47.2 -68.2,47.4 -67.8,47.1 -67.8,45.7 -67.1,45.1
38.4,18.0 37.9,17.4 37.2,17.3 36.9,17.0 36.8,16.3 36.3,14.8 36.4,14.4
47.8,8.0 45.0,5.0 43.7,5.0 42.8,4.3 42.1,4.2 41.9,3.9
41.9,3.9 41.2,3.9 40.8,4.3 39.9,3.8 39.6,3.4 38.9,3.5 38.7,3.6 38.4,3.6 38.1,3.6 36.9,4.4 36.2,4.4 35.8,4.8
39.2,-4.7 37.8,-3.7 37.7,-3.1 34.1,-1.1 33.9,-1.0
-8.7,27.7 -8.8,27.7 -8.8,27.1 -9.4,27.1 -9.7,26.9 -10.2,26.9 -10.6,27.0 -11.4,26.9 -11.7,26.1 -12.0,26.0 -12.5,24.8 -13.9,23.7 -14.2,22.3 -14.6,21.9 -14.8,21.5 -17.0,21.4
11.0,58.9 11.5,59.4 12.3,60.1 12.6,61.3 12.0,61.8 11.9,63.1 12.6,64.1 13.6,64.0 13.9,64.4 13.6,64.8 15.1,66.2 16.1,67.3 16.8,68.0 17.7,68.0 18.0,68.6 19.9,68.4 20.0,69.1 20.6,69.1
40.3,-10.3 39.5,-10.9 38.4,-11.3 37.8,-11.3 37.5,-11.6 36.8,-11.6 36.5,-11.7 35.3,-11.4 34.6,-11.5
32.8,-9.2 33.2,-9.7 33.5,-10.5 33.3,-10.8 33.1,-11.6 33.3,-12.4 33.0,-12.8 32.7,-13.7 33.2,-14.0
34.6,-11.5 34.3,-12.3 34.6,-13.6 34.9,-13.6 35.3,-13.9 35.7,-14.6 35.8,-15.9 35.3,-16.1 35.0,-16.8 34.4,-16.2 34.3,-15.5 34.5,-15.0 34.5,-14.6 34.1,-14.4 33.8,-14.5 33.2,-14.0
30.8,3.5 30.8,2.3 31.2,2.2 30.9,1.8 30.5,1.6 30.1,1.1 29.9,0.6 29.8,-0.2 29.6,-0.6 29.6,-1.3
30.5,-2.4 30.5,-2.8 30.7,-3.0 30.8,-3.4 30.5,-3.6 30.1,-4.1 29.8,-4.5 29.3,-4.5
20.3,42.8 20.5,42.9 20.6,43.2 20.8,43.3 21.0,43.1 21.1,43.1 21.3,42.9 21.4,42.9 21.6,42.7 21.8,42.7 21.7,42.4 21.5,42.3 21.6,42.2
-71.7,18.0 -71.7,18.3 -71.9,18.6 -71.7,18.8 -71.6,19.2 -71.7,19.7
48.9,11.4 48.9,11.0 48.9,10.0 48.9,9.5 48.5,8.8 47.8,8.0
-69.6,-17.6 -69.9,-18.1 -70.4,-18.3
35.8,33.3 36.1,33.8 36.6,34.2 36.4,34.6 36.0,34.6
35.5,32.4 35.2,32.5 35.0,31.9 35.2,31.8 35.0,31.6 34.9,31.4 35.4,31.5
35.7,32.7 35.8,32.9 35.8,33.3
29.0,9.6 29.5,9.8 29.6,10.1 30.0,10.3 30.8,9.7 31.4,9.8 31.9,10.5 32.4,11.1 32.3,11.7 32.1,12.0 32.7,12.0 32.7,12.2 33.2,12.2 33.1,11.4 33.2,10.7 33.7,10.3 33.8,10.0 33.8,9.5 34.0,9.5
23.9,8.6 24.5,8.9 24.8,9.8 25.1,10.3 25.8,10.4 26.0,10.1 26.5,9.6 26.8,9.5 27.1,9.6 27.8,9.6
34.0,4.2 33.4,3.8 32.7,3.8 31.9,3.6 31.2,3.8 30.8,3.5
27.8,9.6 28.0,9.4 29.0,9.4 29.0,9.6
35.9,4.6 34.4,4.6 34.0,4.2
35.8,4.8 35.8,5.3 35.3,5.5
33.9,-9.7 33.7,-9.4 32.8,-9.2
34.6,-11.5 34.3,-10.2 33.9,-9.7
-2.2,35.2 -1.8,34.5 -1.7,33.9 -1.4,32.9 -1.1,32.7 -1.3,32.3
-1.3,32.3 -2.6,32.1 -3.1,31.7 -3.6,31.6 -3.7,30.9 -4.9,30.5 -5.2,30.0 -6.1,29.7 -7.1,29.6 -8.7,28.8 -8.7,27.7
77.8,35.5 78.9,34.3 78.8,33.5
91.7,27.8 92.5,27.9 93.4,28.6 94.6,29.3 95.4,29.0 96.1,29.5 96.6,28.8 96.2,28.4 97.3,28.3
-57.1,6.0 -57.3,5.1 -57.9,4.8 -57.9,4.6 -58.0,4.1 -57.6,3.3
-54.0,5.8 -54.5,4.9 -54.4,4.2 -54.0,3.6 -54.2,3.2
-57.6,3.3 -57.3,3.3 -57.2,2.8 -56.5,1.9
-54.2,3.2 -54.3,2.7 -54.5,2.3
42.8,10.9 42.6,10.6 42.9,10.0 43.3,9.5 43.7,9.2 46.9,8.0 47.8,8.0
41.9,3.9 41.0,2.8 41.0,-0.9 41.6,-1.7
33.4,46.0 33.7,46.2 34.4,46.0 34.7,46.0 34.9,45.8 35.0,45.7
75.3,32.3 74.4,31.7 74.4,31.0 73.5,30.0 72.8,29.0 71.8,27.9 70.6,28.0 69.5,26.9 70.2,26.5 70.3,25.7 70.8,25.2 71.0,24.4 68.8,24.4 68.2,23.7
-60.7,5.2 -60.6,4.9 -61.0,4.5 -62.1,4.2 -62.8,4.0 -63.1,3.8 -63.9,4.0 -64.6,4.1 -64.8,4.1 -64.4,3.8 -64.4,3.1 -64.3,2.5 -63.4,2.4 -63.4,2.2 -64.1,1.9 -64.2,1.5 -64.6,1.3 -65.4,1.1 -65.5,0.8 -66.3,0.7 -66.9,1.3
44.8,39.7 45.0,39.7 45.3,39.5 45.7,39.5 45.7,39.3 46.1,38.7
43.6,41.1 43.8,40.7 43.7,40.3 44.4,40.0 44.8,39.7
44.8,39.7 44.1,39.4 44.4,38.3 44.2,38.0 44.8,37.2
44.8,37.2 44.3,37.0 43.9,37.3 42.8,37.4 42.3,37.2
42.3,37.2 41.2,37.1 40.7,37.1 39.5,36.7 38.7,36.7 38.2,36.9 37.1,36.6 36.7,36.8 36.7,36.3 36.4,36.0 36.1,35.8
38.8,33.4 36.8,32.3 35.7,32.7
39.2,32.2 39.0,32.0 37.0,31.5 38.0,30.5 37.7,30.3 37.5,30.0 36.7,29.9 36.5,29.5 36.1,29.2 35.0,29.4
46.6,29.1 44.7,29.2 41.9,31.2 40.4,31.9 39.2,32.2
52.0,19.0 55.0,20.0 55.7,22.0 55.2,22.7
55.2,22.7 55.0,22.5 52.0,23.0 51.6,24.0 51.6,24.2
61.2,35.7 60.8,34.4 60.5,33.7 61.0,33.5 60.5,33.0 60.9,32.2 60.9,31.5 61.7,31.4 61.8,30.7 60.9,29.8
60.9,29.8 61.4,29.3 61.8,28.7 62.7,28.3 62.8,27.4 63.2,27.2 63.3,26.8 61.9,26.2 61.5,25.1
67.8,37.1 67.1,37.4 66.5,37.4
66.5,37.4 66.5,38.0 65.2,38.4 64.2,38.9 63.5,39.4 62.4,40.1 61.9,41.1 61.5,41.3 60.5,41.2 60.1,41.4 60.0,42.2 58.6,42.8 57.8,42.2 56.9,41.8 57.1,41.3 56.0,41.3
75.2,37.1 74.6,37.0 74.1,36.8 72.9,36.7 71.8,36.5 71.3,36.1 71.5,35.7 71.6,35.2 71.1,34.7 71.2,34.3 70.9,34.0 69.9,34.0 70.3,33.4 69.7,33.1 69.3,32.5 69.3,31.9 68.9,31.6 68.6,31.7 67.8,31.6 67.7,31.3 66.9,31.3 66.4,30.7 66.3,29.9 65.0,29.5 64.4,29.6 64.1,29.3 63.6,29.5 62.5,29.3 60.9,29.8
73.7,39.4 71.8,39.3 70.5,39.6 69.5,39.5 69.6,40.1 70.6,39.9 71.0,40.2
87.4,49.2 86.6,48.5 85.8,48.5 85.7,47.5 85.2,47.0 83.2,47.3 82.5,45.5 81.9,45.3 80.0,44.9 80.9,43.2 80.2,42.9 80.3,42.4
80.3,42.4 79.6,42.5 79.1,42.9 77.7,43.0 76.0,43.0 75.6,42.9 74.2,43.3 73.6,43.1 73.5,42.5 71.8,42.8 71.2,42.7 71.0,42.3
71.0,42.3 70.4,42.1 69.1,41.4 68.6,40.7 68.3,40.7 68.0,41.1 66.7,41.2 66.5,42.0 66.0,42.0 66.1,43.0 64.9,43.7 63.2,43.7 62.0,43.5 61.1,44.4 60.2,44.8 58.7,45.5 58.5,45.6 55.9,45.0 56.0,41.3
56.0,41.3 55.5,41.3 54.8,42.0 54.1,42.3 52.9,42.1 52.5,41.8
81.1,30.2 80.5,29.7 80.1,28.8 81.1,28.4 82.0,27.9 83.3,27.4 84.7,27.2 85.3,26.7 86.0,26.6 87.2,26.4 88.1,26.4 88.2,26.8 88.0,27.4 88.1,27.9
88.8,27.3 88.8,27.1 89.7,26.7 90.4,26.9 91.2,26.8 92.0,26.8 92.1,27.5 91.7,27.8
88.1,27.9 88.7,28.1 88.8,27.3
92.7,22.0 92.1,23.6 91.9,23.6 91.7,23.0 91.2,23.5 91.5,24.1 91.9,24.1 92.4,25.0 91.8,25.1 90.9,25.1 89.9,25.3 89.8,26.0 89.4,26.0 88.6,26.4 88.2,25.8 88.9,25.2 88.3,24.9 88.1,24.5 88.7,24.2 88.5,23.6 88.9,22.9 89.0,22.1
101.2,21.4 100.3,20.8 100.1,20.4
100.1,20.4 99.5,20.2 99.0,19.8 98.3,19.7 97.8,18.6 97.4,18.4 97.9,17.6 98.5,16.8 98.9,16.2 98.5,15.3 98.2,15.1 98.4,14.6 99.1,13.8 99.2,13.3 99.2,12.8 99.6,11.9 99.0,11.0 98.6,9.9
102.2,22.5 102.8,21.7 103.2,20.8 104.4,20.8 104.8,19.9 104.2,19.6 103.9,19.3 105.1,18.7 105.9,17.5 106.6,16.6 107.3,15.9 107.6,15.2 107.4,14.2
107.4,14.2 106.5,14.6 106.0,13.9 105.2,14.3
27.3,57.5 27.8,57.2 27.9,56.8 28.2,56.2
28.2,56.2 27.1,55.8 26.5,55.6
31.8,52.1 30.9,52.0 30.6,51.8 30.6,51.3 30.2,51.4 29.3,51.4 29.0,51.6 28.6,51.4 28.2,51.6 27.5,51.6 26.3,51.8 25.3,51.9 24.6,51.9 24.0,51.6 23.5,51.6
26.5,55.6 26.6,55.2 25.8,54.8 25.5,54.3 24.5,53.9 23.5,53.9
20.6,69.1 21.2,69.4 22.4,68.8 23.7,68.9 24.7,68.6 25.7,69.1 26.2,69.8 27.7,70.2 29.0,69.8 28.6,69.1
28.6,69.1 29.4,69.2 31.1,69.6
26.6,48.2 26.9,48.4 27.5,48.5 28.3,48.2 28.7,48.1 29.1,47.8 29.1,47.5 29.4,47.3 29.6,46.9 29.9,46.7 29.8,46.5 30.0,46.4 29.8,46.4 29.2,46.4 29.1,46.5 28.9,46.4 28.9,46.3 28.7,45.9 28.5,45.6 28.2,45.5
28.2,45.5 28.7,45.3 29.1,45.5 29.6,45.3
22.7,44.2 22.5,44.4 22.7,44.6 22.5,44.7 22.1,44.5 21.6,44.8 21.5,45.2 20.9,45.4 20.8,45.7 20.2,46.1
21.0,40.8 20.6,41.1 20.5,41.5 20.6,41.9
21.6,42.2 21.4,42.2 20.8,42.1 20.7,41.8 20.6,41.9
20.6,41.9 20.5,42.2 20.3,42.3 20.1,42.6
20.1,42.6 19.8,42.5 19.7,42.7 19.3,42.2 19.4,41.9
22.4,42.3 21.9,42.3 21.6,42.2
19.2,43.5 19.0,43.4 18.7,43.2 18.6,42.7
19.0,44.9 19.4,45.2 19.1,45.5 18.8,45.9
15.0,51.1 14.6,51.0 14.3,51.1 14.1,50.9 13.3,50.7 13.0,50.5 12.2,50.3 12.4,50.0 12.5,49.5 13.0,49.3 13.6,48.9
13.6,48.9 13.2,48.4 12.9,48.3 13.0,47.6 12.9,47.5 12.6,47.7 12.1,47.7 11.4,47.5 10.5,47.6 10.4,47.3 9.9,47.6 9.6,47.5
9.6,47.5 8.5,47.8 8.3,47.6 7.5,47.6
17.0,48.6 16.5,48.8 16.0,48.7 15.3,49.0 14.9,49.0 14.3,48.6 13.6,48.9
17.0,48.1 16.9,47.7 16.3,47.7 16.5,47.5 16.2,46.9
16.2,46.9 16.0,46.7 15.1,46.7 14.6,46.4 13.8,46.5
13.8,46.5 13.7,46.0 13.9,45.6
10.4,46.9 10.4,46.5 9.9,46.3 9.2,46.4 9.0,46.0 8.5,46.0 8.3,46.2 7.8,45.8 7.3,45.8 6.8,46.0
7.5,47.6 7.2,47.4 6.7,47.5 6.8,47.3 6.0,46.7 6.0,46.3 6.5,46.4 6.8,46.0
6.8,46.0 6.8,45.7 7.1,45.3 6.7,45.0 7.0,44.3 7.5,44.1 7.4,43.7
6.0,50.1 5.8,50.1 5.7,49.5
5.7,49.5 4.8,50.0 4.3,49.9 3.6,50.4 3.1,50.8 2.7,50.8 2.5,51.1
6.2,50.8 5.6,51.0 5.0,51.5 4.0,51.3 3.3,51.3
-4.9,25.0 -6.5,25.0 -6.0,20.6 -5.5,16.3 -5.3,16.2 -5.5,15.5 -9.6,15.5 -9.7,15.3 -10.1,15.3 -10.7,15.1 -11.3,15.4 -11.7,15.4 -11.8,14.8 -12.2,14.6
-12.2,14.6 -12.8,15.3 -13.4,16.0 -14.1,16.3 -14.6,16.6 -15.1,16.6 -15.6,16.4 -16.1,16.5 -16.5,16.1
9.5,30.3 9.8,29.4 9.9,29.0 9.7,28.1 9.8,27.7 9.6,27.1 9.7,26.5 9.3,26.1 9.9,25.4 9.9,24.9 10.3,24.4 10.8,24.6 11.6,24.1 12.0,23.5
12.0,23.5 8.6,21.6 5.7,19.6 4.3,19.2
4.3,19.2 3.2,19.1 3.1,19.7 2.7,19.9 2.1,20.1 1.8,20.6 -1.6,22.8 -4.9,25.0
14.9,22.9 14.1,22.5 13.6,23.0 12.0,23.5
25.0,22.0 25.0,20.0 23.9,20.0 23.8,19.6
23.8,19.6 19.8,21.5 15.9,23.4 14.9,22.9
22.9,11.1 22.2,11.0 21.7,10.6 21.0,9.5 20.1,9.0 19.1,9.1 18.8,9.0 18.9,8.6 18.4,8.3 18.0,7.9 16.7,7.5 16.5,7.7 16.3,7.8 16.1,7.5 15.3,7.4
15.3,7.4 15.4,7.7 15.1,8.4 15.0,8.8 14.5,9.0 14.0,9.5 14.2,10.0 14.6,9.9 14.9,10.0 15.5,10.0 14.9,10.9 15.0,11.6 14.9,12.2 14.5,12.9
14.5,12.9 14.2,12.8 14.2,12.5
14.2,12.5 14.6,12.1 14.5,11.9 14.4,11.6 13.6,10.8 13.3,10.2 13.2,9.6 13.0,9.4 12.8,8.7 12.2,8.3 12.1,7.8 11.8,7.4 11.7,7.0 11.1,6.6 10.5,7.1 10.1,7.0 9.5,6.5 9.2,6.4 8.8,5.5 8.5,4.8
-11.5,12.4 -11.7,12.4 -12.2,12.5 -12.3,12.4 -12.5,12.3 -13.2,12.6 -13.7,12.6
-8.0,10.2 -8.2,10.1 -8.3,9.8 -8.1,9.4 -7.8,8.6 -8.2,8.5 -8.3,8.3 -8.2,8.1 -8.3,7.7 -8.4,7.7
-8.4,7.7 -8.7,7.7 -8.9,7.3 -9.2,7.3 -9.4,7.5 -9.3,7.9 -9.8,8.5 -10.0,8.4 -10.2,8.4
-10.2,8.4 -10.5,8.3 -10.5,8.7 -10.7,9.0 -10.6,9.3 -10.8,9.7 -11.1,10.0 -11.9,10.0 -12.2,9.9 -12.4,9.8 -12.6,9.6 -12.7,9.3 -13.2,8.9
0.4,14.9 -0.3,14.9 -0.5,15.1 -1.1,15.0 -2.0,14.6 -2.2,14.2 -3.0,13.8 -3.1,13.5 -3.5,13.3 -4.0,13.5 -4.3,13.2 -4.4,12.5 -5.2,11.7 -5.2,11.4 -5.5,11.0 -5.4,10.4
-5.4,10.4 -5.8,10.2 -6.1,10.1 -6.2,10.5 -6.5,10.4 -6.7,10.4 -6.9,10.1 -7.6,10.1 -7.9,10.3 -8.0,10.2
2.2,11.9 1.9,11.6 1.4,11.5 1.2,11.1 0.9,11.0
-2.8,9.6 -3.5,9.9 -4.0,9.9 -4.3,9.6 -4.8,9.8 -5.0,10.2 -5.4,10.4
0.0,11.0 -0.4,11.1 -0.8,10.9 -1.2,11.0 -2.9,11.0 -3.0,10.4 -2.8,9.6
3.6,11.7 3.6,11.3 3.8,10.7 3.6,10.3 3.7,10.1 3.2,9.4 2.9,9.1 2.7,8.5 2.7,7.9 2.7,6.3
16.0,2.3 15.9,1.7 15.1,2.0 14.3,2.2 13.1,2.3
13.1,2.3 13.0,2.3 12.4,2.2 11.8,2.3 11.3,2.3
23.8,8.7 24.6,8.2 25.1,7.8 25.1,7.5 25.8,7.0 26.2,6.5 26.5,5.9 27.2,5.6 27.4,5.2
27.4,5.2 27.0,5.1 26.4,5.2 25.7,5.3 25.3,5.2 25.1,4.9 24.8,4.9 24.4,5.1 23.3,4.6 22.8,4.7 22.7,4.6 22.4,4.0 21.7,4.2 20.9,4.3 20.3,4.7 19.5,5.0 18.9,4.7 18.5,4.2 18.5,3.5
36.4,14.4 36.3,13.6 35.9,12.6 35.3,12.1 34.8,11.3 34.7,10.9 34.3,10.6 34.0,9.6
34.0,9.6 34.0,8.7 33.8,8.4 33.3,8.4 33.0,7.8 33.6,7.7 34.1,7.2 34.3,6.8 34.7,6.6 35.3,5.5
42.4,12.5 42.8,12.5 43.1,12.7
42.8,10.9 42.6,11.1 42.3,11.0 41.8,11.1 41.7,11.4 41.7,11.6 42.0,12.1 42.4,12.5
33.9,-1.0 33.9,0.1 34.2,0.5 34.7,1.2 35.0,1.9 34.6,3.1 34.5,3.6 34.0,4.2
30.8,3.5 30.0,4.2 29.7,4.6 29.2,4.4 28.7,4.5 28.4,4.3 28.0,4.4 27.4,5.2
18.5,3.5 18.4,2.9 18.1,2.4 17.9,1.7 17.8,0.9 17.8,0.3 17.7,-0.1 17.6,-0.4 17.5,-0.7 16.9,-1.2 16.4,-1.7 16.0,-2.7 16.0,-3.5 15.8,-3.9 15.2,-4.3 14.6,-5.0 14.2,-4.8 14.1,-4.5 13.6,-4.5 13.3,-4.9 13.0,-4.8
13.0,-4.8 12.6,-5.0 12.5,-5.2 12.4,-5.7 12.2,-5.8
29.6,-1.3 29.3,-1.6 29.3,-2.2 29.1,-2.3 29.0,-2.8
29.0,-2.8 29.3,-3.3 29.3,-4.5
29.3,-4.5 29.5,-5.4 29.4,-5.9 29.6,-6.5 30.2,-7.1 30.7,-8.3
30.7,-8.3 30.3,-8.2 29.0,-8.4 28.7,-8.5 28.4,-9.2 28.7,-9.6 28.5,-10.8 28.4,-11.8 28.6,-12.0 29.3,-12.4 29.6,-12.2 29.7,-13.3 28.9,-13.2 28.5,-12.7 28.2,-12.3 27.4,-12.1 27.2,-11.6 26.6,-11.9 25.8,-11.8 25.4,-11.3 24.8,-11.2 24.3,-11.3 24.3,-11.0 23.9,-10.9
23.9,-10.9 23.5,-10.9 22.8,-11.0 22.4,-11.0 22.2,-11.1 22.2,-9.9 21.9,-9.5 21.8,-8.9 21.9,-8.3 21.7,-7.9 21.7,-7.3 20.5,-7.3 20.6,-6.9 20.1,-6.9 20.0,-7.1 19.4,-7.2 19.2,-7.7 19.0,-8.0 18.5,-7.8 18.1,-8.0 17.5,-8.1 17.1,-7.5 16.9,-7.2 16.6,-6.6 16.3,-5.9 13.4,-5.9 13.0,-6.0 12.7,-6.0 12.3,-6.1
30.5,-2.4 29.9,-2.3 29.6,-2.9 29.0,-2.8
30.4,-1.1 30.8,-1.0 31.9,-1.0 33.9,-1.0
32.8,-9.2 32.2,-8.9 31.6,-8.8 31.2,-8.6 30.7,-8.3
33.2,-14.0 30.2,-14.8 30.3,-15.5
30.3,-15.5 29.5,-15.6 28.9,-16.0 28.8,-16.4 28.5,-16.5 27.6,-17.3 27.0,-17.9 26.7,-18.0 26.4,-17.8 25.3,-17.7 25.1,-17.7
23.2,-17.5 21.4,-17.9 19.0,-17.8 18.3,-17.3 14.2,-17.4 14.1,-17.4 13.5,-17.0 12.8,-16.9 12.2,-17.1 11.7,-17.3
24.9,-17.7 24.5,-17.9 24.2,-17.9 23.6,-18.3 23.2,-17.9 21.7,-18.2 20.9,-18.3 20.9,-21.8 19.9,-21.8 19.9,-24.8
29.4,-22.1 28.0,-22.8 27.1,-23.6 26.8,-24.2 26.5,-24.6 25.9,-24.7 25.8,-25.2 25.7,-25.5 25.0,-25.7 24.2,-25.7 23.7,-25.4 23.3,-25.3 22.8,-25.5 22.6,-26.0 22.1,-26.3 21.6,-26.7 20.9,-26.8 20.7,-26.5 20.8,-25.9 20.2,-24.9 19.9,-24.8
31.2,-22.3 30.7,-22.2 30.3,-22.3 29.8,-22.1 29.4,-22.1
32.1,-26.7 32.0,-26.3 31.8,-25.8
31.8,-25.8 31.8,-25.5 31.9,-24.4 31.7,-23.7 31.2,-22.3
-89.1,17.8 -89.2,18.0 -89.0,18.0 -88.8,17.9 -88.5,18.5 -88.3,18.5
-89.4,14.4 -89.1,14.7 -89.2,14.9 -89.2,15.1 -88.7,15.3 -88.2,15.7
-66.9,1.3 -67.1,1.1 -67.3,1.7 -67.5,2.0 -67.9,1.7 -69.8,1.7 -69.8,1.1 -69.2,1.0 -69.3,0.6 -69.5,0.7 -70.0,0.5 -70.0,-0.2 -69.6,-0.5 -69.4,-1.1 -69.4,-1.6 -69.9,-4.3
-69.9,-4.3 -70.4,-3.8 -70.7,-3.7 -70.0,-2.7 -70.8,-2.3 -71.4,-2.3 -71.8,-2.2 -72.3,-2.4 -73.1,-2.3 -73.7,-1.3 -74.1,-1.0 -74.4,-0.5 -75.1,-0.1 -75.4,-0.2
-75.4,-0.2 -75.8,0.1 -76.3,0.4 -76.6,0.3 -77.4,0.4 -77.7,0.8 -77.9,0.8 -78.9,1.4
-67.1,-22.7 -67.8,-22.9 -68.2,-21.5 -68.8,-20.4 -68.4,-19.4 -69.0,-19.0 -69.1,-18.3 -69.6,-17.6
-58.2,-20.2 -58.2,-19.9 -59.1,-19.4 -60.0,-19.3 -61.8,-19.6 -62.3,-20.5 -62.3,-21.1 -62.7,-22.2
-54.6,-25.7 -54.1,-25.5 -53.6,-26.1 -53.6,-26.9 -54.5,-27.5 -55.2,-27.9 -56.3,-28.9 -57.6,-30.2
-57.6,-30.2 -57.0,-30.1 -56.0,-30.9 -55.6,-30.9 -54.6,-31.5 -53.8,-32.0 -53.2,-32.7 -53.7,-33.2 -53.4,-33.8
-69.6,-17.6 -69.0,-16.5 -69.4,-15.7 -69.2,-15.3 -69.3,-15.0 -68.9,-14.5 -68.9,-13.6 -68.9,-12.9 -68.7,-12.6 -69.5,-11.0
13.3,13.6 14.0,12.5 14.2,12.5
6.2,49.5 5.9,49.4 5.7,49.5
46.1,38.7 45.5,38.9 45.0,39.3 44.8,39.7
46.5,38.8 47.7,39.5 48.1,39.6 48.4,39.3 48.0,38.8 48.6,38.3 48.9,38.3
-13.7,12.6 -15.5,12.6 -15.8,12.5 -16.1,12.5 -16.7,12.4
19.9,-24.8 19.9,-28.5 19.0,-29.0 18.5,-29.0 17.8,-28.9 17.4,-28.8 17.2,-28.4 16.8,-28.1 16.3,-28.6
-62.7,-22.2 -62.8,-22.0 -64.0,-22.0 -64.4,-22.8 -65.0,-22.1 -66.3,-21.8 -67.1,-22.7
-69.5,-11.0 -68.8,-11.0 -68.3,-11.0 -68.0,-10.7 -67.2,-10.3 -66.6,-9.9 -65.3,-9.8 -65.4,-10.5 -65.3,-10.9 -65.4,-11.6 -64.3,-12.5 -63.2,-12.6 -62.8,-13.0 -62.1,-13.2 -61.7,-13.5 -61.1,-13.5 -60.5,-13.8 -60.5,-14.4 -60.3,-14.6 -60.3,-15.1 -60.5,-15.1 -60.2,-16.3 -58.2,-16.3 -58.4,-16.9 -58.3,-17.3 -57.7,-17.6 -57.5,-18.2 -57.7,-19.0 -58.0,-19.4 -57.9,-20.0 -58.2,-20.2
75.9,36.7 76.2,35.9 76.6,35.8
79.2,32.5 78.5,32.6 78.5,32.3
78.7,31.9 78.7,31.5 78.9,31.4
79.4,31.1 79.7,30.9 79.8,30.8
36.7,45.6 36.6,45.2 36.6,44.9
87.4,49.2 87.8,49.3 88.0,48.6 88.9,48.1 90.3,47.7 91.0,46.9 90.6,45.7 90.9,45.3 92.1,45.1 93.5,45.0 94.7,44.4 95.3,44.2 95.8,43.3 96.3,42.7 97.5,42.7 99.5,42.5 100.8,42.7 101.8,42.5 103.3,41.9 104.5,41.9 105.0,41.6 106.1,42.1 107.7,42.5 109.2,42.5 110.4,42.9 111.1,43.4 111.8,43.7 111.7,44.1 111.3,44.5 111.9,45.1 112.4,45.0 113.5,44.8 114.5,45.3 116.0,45.7 116.7,46.4 117.4,46.7 118.9,46.8 119.7,46.7 119.8,47.0 118.9,47.7 118.1,48.1 117.3,47.7 116.3,47.9 115.7,47.7 115.5,48.1 116.2,49.1 116.7,49.9
116.7,49.9 117.9,49.5 119.3,50.1 119.3,50.6 120.2,51.6 120.7,52.0 120.7,52.5 120.2,52.8 121.0,53.3 122.2,53.4 123.6,53.5 125.1,53.2 125.9,52.8 126.6,51.8 126.9,51.4 127.3,50.7 127.7,49.8 129.4,49.4 130.6,48.7 131.0,47.8 132.5,47.8 133.4,48.2 135.0,48.5 134.5,47.6 134.1,47.2 133.8,46.1 133.1,45.1 131.9,45.3 131.0,45.0 131.3,44.1 131.1,42.9 130.6,42.9 130.6,42.4
35.6,33.3 35.5,33.1 35.1,33.1
75.1,34.6 74.2,34.7 73.7,34.3 74.1,33.4 74.5,32.8
77.3,35.1 76.9,34.7 75.8,34.5 75.1,34.6
